12
132
0 1 334.764
0 2 568.962
0 3 1018.18
0 4 1091.78
0 5 1239.03
0 6 971.16
0 7 951.005
0 8 848.237
0 9 994.896
0 10 1039
0 11 642.021
1 0 334.764
1 2 234.197
1 3 683.412
1 4 757.012
1 5 904.266
1 6 636.396
1 7 616.241
1 8 513.472
1 9 660.132
1 10 704.238
1 11 307.257
2 0 568.962
2 1 234.197
2 3 450.312
2 4 523.912
2 5 671.166
2 6 403.296
2 7 382.043
2 8 279.275
2 9 425.934
2 10 470.041
2 11 73.0594
3 0 1018.18
3 1 683.412
3 2 450.312
3 4 73.5996
3 5 220.853
3 6 472.731
3 7 468.271
3 8 365.502
3 9 512.162
3 10 556.268
3 11 523.371
4 0 1091.78
4 1 757.012
4 2 523.912
4 3 73.5996
4 5 294.453
4 6 546.33
4 7 541.87
4 8 439.102
4 9 585.761
4 10 629.868
4 11 596.971
5 0 1239.03
5 1 904.266
5 2 671.166
5 3 220.853
5 4 294.453
5 6 693.584
5 7 689.124
5 8 586.356
5 9 733.015
5 10 777.122
5 11 744.225
6 0 971.16
6 1 636.396
6 2 403.296
6 3 472.731
6 4 546.33
6 5 693.584
6 7 421.254
6 8 318.486
6 9 465.145
6 10 509.252
6 11 476.355
7 0 951.005
7 1 616.241
7 2 382.043
7 3 468.271
7 4 541.87
7 5 689.124
7 6 421.254
7 8 102.768
7 9 249.428
7 10 488
7 11 455.103
8 0 848.237
8 1 513.472
8 2 279.275
8 3 365.502
8 4 439.102
8 5 586.356
8 6 318.486
8 7 102.768
8 9 146.659
8 10 385.231
8 11 352.334
9 0 994.896
9 1 660.132
9 2 425.934
9 3 512.162
9 4 585.761
9 5 733.015
9 6 465.145
9 7 249.428
9 8 146.659
9 10 531.891
9 11 498.994
10 0 1039
10 1 704.238
10 2 470.041
10 3 556.268
10 4 629.868
10 5 777.122
10 6 509.252
10 7 488
10 8 385.231
10 9 531.891
10 11 543.1
11 0 642.021
11 1 307.257
11 2 73.0594
11 3 523.371
11 4 596.971
11 5 744.225
11 6 476.355
11 7 455.103
11 8 352.334
11 9 498.994
11 10 543.1
